15
15
15
15
19
19
22
22
24
24
25
25
27
28
28
30
30
31
31
31
31
31
31
31
31
31
31
39
39
39
40
41
43
44
44
45
46
48
48
48
49
49
51
51
52
53
54
55
56
56
56
57
58
59
60
60
60
62
62
63
63
63
63
63
63
63
63
63
63
63
63
63
63
63
63
63
71
73
74
75
76
76
78
78
79
79
79
79
81
83
83
83
84
85
86
87
88
88
88
89
89
91
91
92
92
92
96
96
96
96
96
97
97
99
99
99
100
101
102
102
103
103
103
104
105
105
106
107
108
108
108
109
110
112
112
112
112
112
113
113
113
115
115
115
115
116
117
118
118
118
120
120
120
120
120
121
121
122
123
123
124
124
124
124
125
126
126
126
127
127
127
128
129
129
131
131
131
132
133
134
135
135
135
135
137
137
139
139
140
140
140
142
142
143
143
143
143
143
143
143
143
147
147
147
148
149
150
150
151
151
152
152
152
153
153
153
155
155
156
156
156
156
157
158
158
159
159
159
159
159
159
159
159
159
159
159
159
159
163
163
164
164
165
166
166
167
167
167
167
167
168
169
169
170
171
171
172
172
172
172
172
173
174
174
174
176
176
176
176
176
177
177
177
178
179
179
179
179
179
179
180
180
180
181
182
182
182
182
183
184
184
184
184
192
192
192
192
192
192
192
192
192
192
192
192
192
192
192
192
192
193
193
194
195
195
195
195
195
195
196
196
198
198
198
198
199
199
199
199
199
199
199
199
199
199
199
199
199
201
201
201
201
201
201
203
203
203
203
203
204
204
204
204
204
204
204
204
204
204
204
204
204
204
204
204
206
204
204
204
204
204
203
203
201
201
201
201
200
199
199
199
199
199
199
199
199
199
198
198
198
198
198
197
197
196
196
196
196
195
195
195
195
195
195
195
195
195
195
195
195
195
195
195
194
194
194
193